 176 172 170 171 174 173 177 180 180 179 172 169 167 168 171 175
 173 110  44  47  50  69 160 178 180 171  80  37  39  43  62 156
 173  65   0   0   0   6 149 177 178 168  53   0   0   0   6 143
 170  61   0   0   0   6 146 176 175 162  57   0   0   0   6 142
 170  56   0   0   0   6 146 171 171 166  54   0   0   0   7 145
 169  54   0   0   0   2  98 118 102  86  23   0   0   0   7 143
 168  49   0   0   0   0   0   0   0   0   0   0   0   0   5 139
 170  48   0   0   0   0   0   0   0   0   0   0   0   0   6 140
 168  46   0   0   0   0   0   0   0   0   0   0   0   0   6 140
 165  40   0   0   0   0   0   0   0   0   0   0   0   0   6 142
 164  38   0   0   0   3  83 114 112 105  24   0   0   0   8 142
 160  34   0   0   0  12 136 165 169 166  44   0   0   0   8 143
 161  30   0   0   0   0 128 169 169 164  42   0   0   0   8 143
 157  29   0   0   0   0 128 168 171 166  42   0   0   0  10 146
 161  73  38  37  33  39 146 168 170 167  69  15  11   9  27 152
 167 160 161 164 165 163 168 169 170 168 164 161 161 159 158 168
 176 172 170 171 174 173 177 180 180 179 172 169 167 168 171 175
 173 110  44  47  50  69 160 178 180 171  80  37  39  43  62 156
 173  65   0   0   0   6 149 177 178 168  53   0   0   0   6 143
 170  61   0   0   0   6 146 176 175 162  57   0   0   0   6 142
 170  56   0   0   0   6 146 171 171 166  54   0   0   0   7 145
 169  54   0   0   0   2  98 118 102  86  23   0   0   0   7 143
 168  49   0   0   0   0   0   0   0   0   0   0   0   0   5 139
 170  48   0   0   0   0   0   0   0   0   0   0   0   0   6 140
 168  46   0   0   0   0   0   0   0   0   0   0   0   0   6 140
 165  40   0   0   0   0   0   0   0   0   0   0   0   0   6 142
 164  38   0   0   0   3  83 114 112 105  24   0   0   0   8 142
 160  34   0   0   0  12 136 165 169 166  44   0   0   0   8 143
 161  30   0   0   0   0 128 169 169 164  42   0   0   0   8 143
 157  29   0   0   0   0 128 168 171 166  42   0   0   0  10 146
 161  73  38  37  33  39 146 168 170 167  69  15  11   9  27 152
 167 160 161 164 165 163 168 169 170 168 164 161 161 159 158 168
 176 172 170 171 174 173 177 180 180 179 172 169 167 168 171 175
 173 110  44  47  50  69 160 178 180 171  80  37  39  43  62 156
 173  65   0   0   0   6 149 177 178 168  53   0   0   0   6 143
 170  61   0   0   0   6 146 176 175 162  57   0   0   0   6 142
 170  56   0   0   0   6 146 171 171 166  54   0   0   0   7 145
 169  54   0   0   0   2  98 118 102  86  23   0   0   0   7 143
 168  49   0   0   0   0   0   0   0   0   0   0   0   0   5 139
 170  48   0   0   0   0   0   0   0   0   0   0   0   0   6 140
 168  46   0   0   0   0   0   0   0   0   0   0   0   0   6 140
 165  40   0   0   0   0   0   0   0   0   0   0   0   0   6 142
 164  38   0   0   0   3  83 114 112 105  24   0   0   0   8 142
 160  34   0   0   0  12 136 165 169 166  44   0   0   0   8 143
 161  30   0   0   0   0 128 169 169 164  42   0   0   0   8 143
 157  29   0   0   0   0 128 168 171 166  42   0   0   0  10 146
 161  73  38  37  33  39 146 168 170 167  69  15  11   9  27 152
 167 160 161 164 165 163 168 169 170 168 164 161 161 159 158 168

 175 156 143 142 145 143 139 140 140 142 142 143 143 146 152 168
 171  62   6   6   7   7   5   6   6   6   8   8   8  10  27 158
 168  43   0   0   0   0   0   0   0   0   0   0   0   0   9 159
 167  39   0   0   0   0   0   0   0   0   0   0   0   0  11 161
 169  37   0   0   0   0   0   0   0   0   0   0   0   0  15 161
 172  80  53  57  54  23   0   0   0   0  24  44  42  42  69 164
 179 171 168 162 166  86   0   0   0   0 105 166 164 166 167 168
 180 180 178 175 171 102   0   0   0   0 112 169 169 171 170 170
 180 178 177 176 171 118   0   0   0   0 114 165 169 168 168 169
 177 160 149 146 146  98   0   0   0   0  83 136 128 128 146 168
 173  69   6   6   6   2   0   0   0   0   3  12   0   0  39 163
 174  50   0   0   0   0   0   0   0   0   0   0   0   0  33 165
 171  47   0   0   0   0   0   0   0   0   0   0   0   0  37 164
 170  44   0   0   0   0   0   0   0   0   0   0   0   0  38 161
 172 110  65  61  56  54  49  48  46  40  38  34  30  29  73 160
 176 173 173 170 170 169 168 170 168 165 164 160 161 157 161 167
 175 156 143 142 145 143 139 140 140 142 142 143 143 146 152 168
 171  62   6   6   7   7   5   6   6   6   8   8   8  10  27 158
 168  43   0   0   0   0   0   0   0   0   0   0   0   0   9 159
 167  39   0   0   0   0   0   0   0   0   0   0   0   0  11 161
 169  37   0   0   0   0   0   0   0   0   0   0   0   0  15 161
 172  80  53  57  54  23   0   0   0   0  24  44  42  42  69 164
 179 171 168 162 166  86   0   0   0   0 105 166 164 166 167 168
 180 180 178 175 171 102   0   0   0   0 112 169 169 171 170 170
 180 178 177 176 171 118   0   0   0   0 114 165 169 168 168 169
 177 160 149 146 146  98   0   0   0   0  83 136 128 128 146 168
 173  69   6   6   6   2   0   0   0   0   3  12   0   0  39 163
 174  50   0   0   0   0   0   0   0   0   0   0   0   0  33 165
 171  47   0   0   0   0   0   0   0   0   0   0   0   0  37 164
 170  44   0   0   0   0   0   0   0   0   0   0   0   0  38 161
 172 110  65  61  56  54  49  48  46  40  38  34  30  29  73 160
 176 173 173 170 170 169 168 170 168 165 164 160 161 157 161 167
 175 156 143 142 145 143 139 140 140 142 142 143 143 146 152 168
 171  62   6   6   7   7   5   6   6   6   8   8   8  10  27 158
 168  43   0   0   0   0   0   0   0   0   0   0   0   0   9 159
 167  39   0   0   0   0   0   0   0   0   0   0   0   0  11 161
 169  37   0   0   0   0   0   0   0   0   0   0   0   0  15 161
 172  80  53  57  54  23   0   0   0   0  24  44  42  42  69 164
 179 171 168 162 166  86   0   0   0   0 105 166 164 166 167 168
 180 180 178 175 171 102   0   0   0   0 112 169 169 171 170 170
 180 178 177 176 171 118   0   0   0   0 114 165 169 168 168 169
 177 160 149 146 146  98   0   0   0   0  83 136 128 128 146 168
 173  69   6   6   6   2   0   0   0   0   3  12   0   0  39 163
 174  50   0   0   0   0   0   0   0   0   0   0   0   0  33 165
 171  47   0   0   0   0   0   0   0   0   0   0   0   0  37 164
 170  44   0   0   0   0   0   0   0   0   0   0   0   0  38 161
 172 110  65  61  56  54  49  48  46  40  38  34  30  29  73 160
 176 173 173 170 170 169 168 170 168 165 164 160 161 157 161 167

 168 158 159 161 161 164 168 170 169 168 163 165 164 161 160 167
 152  27   9  11  15  69 167 170 168 146  39  33  37  38  73 161
 146  10   0   0   0  42 166 171 168 128   0   0   0   0  29 157
 143   8   0   0   0  42 164 169 169 128   0   0   0   0  30 161
 143   8   0   0   0  44 166 169 165 136  12   0   0   0  34 160
 142   8   0   0   0  24 105 112 114  83   3   0   0   0  38 164
 142   6   0   0   0   0   0   0   0   0   0   0   0   0  40 165
 140   6   0   0   0   0   0   0   0   0   0   0   0   0  46 168
 140   6   0   0   0   0   0   0   0   0   0   0   0   0  48 170
 139   5   0   0   0   0   0   0   0   0   0   0   0   0  49 168
 143   7   0   0   0  23  86 102 118  98   2   0   0   0  54 169
 145   7   0   0   0  54 166 171 171 146   6   0   0   0  56 170
 142   6   0   0   0  57 162 175 176 146   6   0   0   0  61 170
 143   6   0   0   0  53 168 178 177 149   6   0   0   0  65 173
 156  62  43  39  37  80 171 180 178 160  69  50  47  44 110 173
 175 171 168 167 169 172 179 180 180 177 173 174 171 170 172 176
 168 158 159 161 161 164 168 170 169 168 163 165 164 161 160 167
 152  27   9  11  15  69 167 170 168 146  39  33  37  38  73 161
 146  10   0   0   0  42 166 171 168 128   0   0   0   0  29 157
 143   8   0   0   0  42 164 169 169 128   0   0   0   0  30 161
 143   8   0   0   0  44 166 169 165 136  12   0   0   0  34 160
 142   8   0   0   0  24 105 112 114  83   3   0   0   0  38 164
 142   6   0   0   0   0   0   0   0   0   0   0   0   0  40 165
 140   6   0   0   0   0   0   0   0   0   0   0   0   0  46 168
 140   6   0   0   0   0   0   0   0   0   0   0   0   0  48 170
 139   5   0   0   0   0   0   0   0   0   0   0   0   0  49 168
 143   7   0   0   0  23  86 102 118  98   2   0   0   0  54 169
 145   7   0   0   0  54 166 171 171 146   6   0   0   0  56 170
 142   6   0   0   0  57 162 175 176 146   6   0   0   0  61 170
 143   6   0   0   0  53 168 178 177 149   6   0   0   0  65 173
 156  62  43  39  37  80 171 180 178 160  69  50  47  44 110 173
 175 171 168 167 169 172 179 180 180 177 173 174 171 170 172 176
 168 158 159 161 161 164 168 170 169 168 163 165 164 161 160 167
 152  27   9  11  15  69 167 170 168 146  39  33  37  38  73 161
 146  10   0   0   0  42 166 171 168 128   0   0   0   0  29 157
 143   8   0   0   0  42 164 169 169 128   0   0   0   0  30 161
 143   8   0   0   0  44 166 169 165 136  12   0   0   0  34 160
 142   8   0   0   0  24 105 112 114  83   3   0   0   0  38 164
 142   6   0   0   0   0   0   0   0   0   0   0   0   0  40 165
 140   6   0   0   0   0   0   0   0   0   0   0   0   0  46 168
 140   6   0   0   0   0   0   0   0   0   0   0   0   0  48 170
 139   5   0   0   0   0   0   0   0   0   0   0   0   0  49 168
 143   7   0   0   0  23  86 102 118  98   2   0   0   0  54 169
 145   7   0   0   0  54 166 171 171 146   6   0   0   0  56 170
 142   6   0   0   0  57 162 175 176 146   6   0   0   0  61 170
 143   6   0   0   0  53 168 178 177 149   6   0   0   0  65 173
 156  62  43  39  37  80 171 180 178 160  69  50  47  44 110 173
 175 171 168 167 169 172 179 180 180 177 173 174 171 170 172 176

 167 161 157 161 160 164 165 168 170 168 169 170 170 173 173 176
 160  73  29  30  34  38  40  46  48  49  54  56  61  65 110 172
 161  38   0   0   0   0   0   0   0   0   0   0   0   0  44 170
 164  37   0   0   0   0   0   0   0   0   0   0   0   0  47 171
 165  33   0   0   0   0   0   0   0   0   0   0   0   0  50 174
 163  39   0   0  12   3   0   0   0   0   2   6   6   6  69 173
 168 146 128 128 136  83   0   0   0   0  98 146 146 149 160 177
 169 168 168 169 165 114   0   0   0   0 118 171 176 177 178 180
 170 170 171 169 169 112   0   0   0   0 102 171 175 178 180 180
 168 167 166 164 166 105   0   0   0   0  86 166 162 168 171 179
 164  69  42  42  44  24   0   0   0   0  23  54  57  53  80 172
 161  15   0   0   0   0   0   0   0   0   0   0   0   0  37 169
 161  11   0   0   0   0   0   0   0   0   0   0   0   0  39 167
 159   9   0   0   0   0   0   0   0   0   0   0   0   0  43 168
 158  27  10   8   8   8   6   6   6   5   7   7   6   6  62 171
 168 152 146 143 143 142 142 140 140 139 143 145 142 143 156 175
 167 161 157 161 160 164 165 168 170 168 169 170 170 173 173 176
 160  73  29  30  34  38  40  46  48  49  54  56  61  65 110 172
 161  38   0   0   0   0   0   0   0   0   0   0   0   0  44 170
 164  37   0   0   0   0   0   0   0   0   0   0   0   0  47 171
 165  33   0   0   0   0   0   0   0   0   0   0   0   0  50 174
 163  39   0   0  12   3   0   0   0   0   2   6   6   6  69 173
 168 146 128 128 136  83   0   0   0   0  98 146 146 149 160 177
 169 168 168 169 165 114   0   0   0   0 118 171 176 177 178 180
 170 170 171 169 169 112   0   0   0   0 102 171 175 178 180 180
 168 167 166 164 166 105   0   0   0   0  86 166 162 168 171 179
 164  69  42  42  44  24   0   0   0   0  23  54  57  53  80 172
 161  15   0   0   0   0   0   0   0   0   0   0   0   0  37 169
 161  11   0   0   0   0   0   0   0   0   0   0   0   0  39 167
 159   9   0   0   0   0   0   0   0   0   0   0   0   0  43 168
 158  27  10   8   8   8   6   6   6   5   7   7   6   6  62 171
 168 152 146 143 143 142 142 140 140 139 143 145 142 143 156 175
 167 161 157 161 160 164 165 168 170 168 169 170 170 173 173 176
 160  73  29  30  34  38  40  46  48  49  54  56  61  65 110 172
 161  38   0   0   0   0   0   0   0   0   0   0   0   0  44 170
 164  37   0   0   0   0   0   0   0   0   0   0   0   0  47 171
 165  33   0   0   0   0   0   0   0   0   0   0   0   0  50 174
 163  39   0   0  12   3   0   0   0   0   2   6   6   6  69 173
 168 146 128 128 136  83   0   0   0   0  98 146 146 149 160 177
 169 168 168 169 165 114   0   0   0   0 118 171 176 177 178 180
 170 170 171 169 169 112   0   0   0   0 102 171 175 178 180 180
 168 167 166 164 166 105   0   0   0   0  86 166 162 168 171 179
 164  69  42  42  44  24   0   0   0   0  23  54  57  53  80 172
 161  15   0   0   0   0   0   0   0   0   0   0   0   0  37 169
 161  11   0   0   0   0   0   0   0   0   0   0   0   0  39 167
 159   9   0   0   0   0   0   0   0   0   0   0   0   0  43 168
 158  27  10   8   8   8   6   6   6   5   7   7   6   6  62 171
 168 152 146 143 143 142 142 140 140 139 143 145 142 143 156 175

